'C1'
25
32
70
15
96
87
80
43
15
77
89
51
8
36
29
55
42
86
45
93
68
72
49
99
37
82
81
58
50
85
27
99
41
10
31
42
35
50
2
68
33
50
93
73
62
15
15
90
97
24
46
86
89
82
20
23
63
59
50
40
32
72
59
62
58
53
1
85
49
27
31
48
53
7
78
15
81
39
83
79
21
88
57
35
33
49
37
85
42
28
38
50
43
82
47
1
55
42
2
52
66
44
15
40
29
73
11
6
79
81
49
64
32
6
7
31
7
78
73
7
26
36
39
20
14
48
20
27
73
53
21
44
16
0
33
43
95
21
8
19
60
68
30
99
27
22
74
65
22
5
26
79
54
64
94
1
21
47
86
94
24
41
6
81
16
7
30
34
99
54
68
37
38
71
79
86
12
83
9
27
60
49
54
21
92
64
57
7
39
4
66
73
76
74
93
50
56
23
41
23
18
87
21
48
75
63
9
97
96
86
85
68
65
35
92
40
57
87
82
71
4
16
1
3
45
52
79
14
12
94
51
39
40
42
17
32
94
42
34
68
17
39
32
38
3
75
56
79
79
57
7
40
96
46
22
4
12
90
80
71
46
11
18
81
54
95
47
72
6
7
66
5
59
34
81
66
79
83
82
62
20
75
71
73
79
48
86
83
74
4
13
36
87
96
11
39
81
59
41
70
21
47
34
2
5
73
71
57
64
58
5
16
57
27
66
92
97
68
18
52
9
45
34
80
57
87
22
18
65
66
18
84
31
9
38
5
67
10
45
3
48
52
48
33
36
0
49
39
55
35
70
84
50
37
58
41
8
62
42
64
2
29
33
68
87
58
52
39
98
78
72
13
13
15
96
57
32
98
5
83
39
13
39
37
8
17
1
35
13
98
66
89
40
29
47
37
65
86
73
42
85
65
78
5
24
65
24
92
3
46
67
48
90
60
2
61
21
12
80
70
35
15
40
52
76
29
11
45
22
38
33
32
52
17
20
3
26
34
18
85
46
52
66
63
30
84
53
76
47
21
42
97
56
38
41
87
14
43
30
35
99
6
76
67
0
47
83
32
52
42
48
51
69
15
18
8
30
37
89
17
89
23
58
13
93
17
44
9
8
61
5
35
44
91
89
35
15
6
39
27
